0101154151
0101154185
0101155562
0101156040
0101157642
0101158608
0101167534
0101173086
0101182533
0101188951
0101190528
0101191054
0101193464
0101204071
0100390434
0100391150
0100393024
0100395771
0100395912
0100396357
0100841956
0100842335
0100604263
0100605781
0100844943
0100845080
0100606466
0100614874
0100615061
0100617711
0100618008
0100623370
0100624733
0100626704
0100628403
0100631977
0100634732
0100637651
0100639665
0100641141
0100523034
0100527894
0100546126
0100549518
0100564558
0100603711
0100616978
0100627819
0100631308
0100641448
0100652007
0100674852
0100674910
0100695261
0100698992
0100708213
0101550606
0101556926
0101567378
0101574002
0102039740
0102044468
0102053949
0102077799
0102126687
0102147956
0102152139
0102167061
0102169745
0102190295
0102201274
0102278710
0102282373
0102285822
0102359452
0102369691
0102381191
0102459914
0102517836
0102537214
0100282342
0100298389
0100299114
0100303791
0100304302
0100309665
0100319698
0100322106
0100325752
0100337831
0100337849
0100342096
0100348200
0100355627
0100355866
0100360247
0100364223
0100368125
0100379551
0100382076
0100082601
0100083948
0100087196
0100088715
0100374578
0100379569
0100379700
0100380039
0100382167
0100383710
0100384619
0100386986
0100387695
0100356948
0100358480
0100388594
0100390939
0100394394
0100394790
0100361450
