0100062181
0100063635
0100064229
0100064419
0100066414
0100066422
0100066828
0100067552
0100067669
0100068436
0100069855
0100070135
0100071307
0100071422
0100073675
0100073840
0100073980
0100074327
0100074509
0100075365
0102112984
0102117165
0102117504
0102119138
0100644707
0100649268
0100652239
0100658053
0100690445
0100714179
0100715333
0100726454
0100733237
0100781376
0100790773
0100796804
0100797943
0100810498
0100833433
0100835396
0103210217
0103211140
0103216073
0103218228
0103276119
0103276218
0103284402
0100710979
0100724483
0100728526
0100730407
0100764794
0100772441
0100777846
0100794890
0100804228
0100814607
0100824903
0100843853
0100870120
0107622003
0107936924
0107939563
0107962680
0150064434
0100881853
0100892645
0100896562
0100946235
0101003846
0101012706
0101016087
0101052983
0101105120
0101154094
0101210995
0101213700
0101295434
0101301893
0101306512
0103591103
0103628681
0103664140
0103736823
0100551936
0100558485
0100578038
0100782259
0100802073
0100871193
0100963552
0100970292
0100977735
0101017143
0101021780
0101079408
0101085348
0101094415
0101121309
0101183531
0100090216
0100127950
0100132703
0100158328
0100183235
0100195205
0100203892
0100210913
0100217645
0100238831
0102994266
0102996097
0102998572
0103030706
0103059283
0103080354
0103095576
0103157004
0103158002
0103190492
